Best: 0.7707938776725627, using {'C': 10, 'gamma': 0.01, 'kernel': 'linear'} 
f1 score: 0.7944827586206896 
accuracy: 0.7944827586206896 
